3,2
3,1
3,3
10,16
10,241
10,170
10,274
10,221
10,249
10,32
10,1
10,117
10,2
10,3
11,26
11,22
11,23
11,12
11,8
11,9
11,16
11,1
11,28
11,2
11,3
9,7
8,9
8,13
111,0
110,5
110,4
8,12
110,3
110,2
110,1
8,8
110,0
109,3
109,2
109,1
109,0
108,5
108,4
108,3
108,2
108,1
108,0
107,5
107,4
107,3
107,2
107,1
107,0
106,3
106,2
106,1
106,0
105,3
105,2
105,1
105,0
104,3
104,2
104,1
104,0
103,3
103,2
103,1
103,0
102,4
102,3
102,2
102,1
102,0
101,3
101,2
101,1
101,0
100,4
100,3
100,2
100,1
100,0
99,3
99,2
99,1
99,0
98,4
98,3
98,2
98,1
98,0
97,3
97,2
97,1
97,0
96,7
96,6
96,5
96,4
96,3
96,2
96,1
96,0
95,3
95,2
95,1
95,0
94,3
94,2
94,1
94,0
93,4
93,3
93,2
93,1
93,0
92,11
92,10
92,9
92,8
